763
221
420
538
082
310
598
451
648
915
159
560
455
558
363
667
143
514
944
000
271
246
297
584
925
043
235
257
516
165
881
434
608
287
000
915
768
390
199
493
784
880
896
574
910
888
165
159
905
529
167
268
663
206
055
573
138
034
062
710
393
219
055
778
665
263
406
478
869
827
145
523
918
375
871
137
785
357
521
294
097
084
099
931
474
054
041
983
713
063
477
433
320
172
143
743
062
498
289
036
329
475
294
784
550
734
311
310
149
664
152
237
825
355
643
437
770
603
499
457
670
593
783
657
278
024
452
774
645
377
547
696
783
320
822
916
973
723
872
300
862
357
613
910
791
717
480
233
432
751
231
820
647
938
450
590
876
568
288
981
859
736
702
010
911
970
601
950
243
417
734
856
774
819
706
179
315
922
196
664
954
108
646
745
472
244
856
344
784
093
282
456
839
346
837
237
366
231
965
245
447
767
754
819
141
715
836
340
721
960
132
571
545
829
848
749
518
719
593
809
658
257
297
492
778
762
585
323
563
112
659
851
456
437
863
584
367
109
352
168
380
190
444
772
188
892
506
044
542
320
851
177
712
762
349
622
392
764
127
389
349
702
603
652
602
834
883
259
487
251
633
599
026
304
442
044
383
819
792
363
827
193
321
211
957
649
598
577
904
688
184
854
981
615
958
885
344
523
095
770
041
593
207
632
401
401
658
017
451
820
039
332
715
974
227
582
247
984
382
016
003
712
343
933
459
672
771
447
856
723
834
893
230
353
393
646
314
855
100
463
472
778
746
147
192
616
987
708
137
876
294
746
260
746
260
254
681
854
893
799
304
539
952
850
155
466
930
034
209
679
247
196
097
422
049
503
987
542
320
641
397
220
610
507
165
507
165
158
353
241
303
703
079
675
334
469
267
389
267
389
914
319
508
556
506
203
844
599
287
876
059
295
272
181
047
161
480
058
364
200
144
570
286
528
674
325
085
144
882
608
710
461
577
486
518
657
681
356
873
759
443
978
295
667
982
834
682
586
061
347
785
146
529
605
651
382
992
009
261
627
344
246
716
143
207
192
168
262
910
161
440
044
499
229
762
666
110
493
325
095
104
154
181
800
624
727
526
700
816
276
765
409
567
084
727
920
422
386
806
086
826
312
852
046
898
713
606
350
508
017
829
020
257
439
821
701
619
429
757
379
667
171
366
689
170
577
494
649
500
201
102
510
662
144
722
062
167
271
478
880
977
080
617
714
839
211
168
043
268
264
196
664
962
799
962
799
883
916
509
221
648
325
000
832
314
217
474
386
315
853
100
311
489
470
113
423
299
506
598
461
725
410
877
524
858
016
816
444
566
446
658
230
500
268
656
566
915
548
942
747
039
772
022
600
682
679
847
282
988
610
785
808
545
041
306
691
413
496
561
150
162
821
490
821
490
633
516
401
221
355
906
777
604
800
072
953
996
144
804
070
440
224
697
974
434
026
468
640
434
799
465
857
646
896
743
431
385
438
215
720
918
688
757
512
831
841
473
015
074
328
908
747
449
362
346
439
378
398
379
077
269
148
177
672
000
845
530
533
716
921
423
853
797
560
431
080
816
278
729
220
026
149
437
028
471
895
194
533
555
416
071
835
348
829
728
206
052
784
573
279
762
849
587
340
328
715
764
612
518
510
125
166
182
740
925
990
928
175
723
011
086
397
768
964
399
050
933
801
066
211
418
310
157
567
529
646
799
422
818
826
114
075
229
761
949
313
624
354
081
567
475
558
096
004
531
181
608
352
928
042
309
445
267
822
939
202
832
221
720
516
613
181
566
273
100
311
474
457
592
573
446
435
354
587
618
381
586
939
855
380
327
989
062
150
509
969
103
485
443
949
949
894
576
931
377
559
123
905
004
027
385
365
098
479
138
188
133
325
206
197
629
587
104
869
573
672
443
016
145
153
243
813
050
719
763
731
080
201
715
193
467
933
600
637
983
130
683
236
315
481
527
540
229
942
386
445
708
362
806
092
594
245
015
241
753
243
711
368
786
962
621
735
718
131
075
571
801
041
373
233
025
439
243
008
130
491
166
519
681
472
775
105
611
377
985
894
141
989
352
531
081
548
220
012
274
469
082
182
511
989
570
176
157
541
935
490
439
922
931
388
220
861
007
329
869
187
801
541
316
773
854
341
117
365
710
263
446
026
009
933
427
533
155
445
198
816
262
621
768
326
133
628
555
572
928
200
464
393
255
163
239
822
593
144
645
387
229
867
105
799
483
690
976
963
049
915
357
955
229
618
149
995
541
460
804
384
110
409
253
161
141
516
049
977
311
083
069
792
375
262
675
101
183
974
014
113
431
066
038
905
900
002
635
242
635
242
228
213
966
333
657
893
968
813
173
432
425
641
863
302
744
965
961
394
774
851
609
927
296
176
914
650
364
023
812
156
812
156
065
587
551
912
232
270
245
074
023
661
834
519
834
519
896
340
237
024
892
173
541
745
619
530
941
464
992
352
329
831
879
491
646
362
536
752
381
241
728
235
979
004
631
082
913
286
841
988
868
353
884
675
247
046
626
112
470
149
792
969
173
858
170
938
824
876
457
170
088
624
118
800
195
296
728
067
657
913
071
842
343
666
668
494
609
964
629
115
880
343
620
065
736
255
383
087
444
872
782
725
441
902
522
662
451
642
514
450
871
726
439
557
728
348
219
493
232
698
614
182
286
627
125
544
898
052
207
039
023
120
338
100
788
593
601
425
005
273
260
075
531
046
148
074
450
492
209
396
012
632
068
216
344
898
861
417
226
711
625
939
435
138
236
292
467
063
836
670
372
216
941
346
905
067
132
658
919
412
941
582
162
510
203
842
504
305
181
935
133
591
169
150
155
309
810
482
077
854
411
098
352
095
745
956
745
956
645
539
937
871
802
038
926
596
507
000
454
353
535
935
738
711
480
549
580
417
508
409
701
778
713
135
183
786
869
869
654
554
841
040
014
577
584
450
708
408
524
612
769
150
551
876
437
340
710
339
618
784
351
702
700
707
316
593
143
288
657
193
842
782
763
589
570
048
031
775
055
816
331
309
511
518
989
340
998
217
893
374
265
080
664
315
246
409
652
385
989
394
184
360
072
135
045
443
087
895
181
309
451
941
458
793
623
874
086
455
442
564
449
978
866
328
656
613
176
659
915
214
952
484
312
383
169
076
009
479
164
708
791
193
689
493
341
633
177
935
196
143
797
197
733
336
527
847
143
923
613
274
901
069
738
864
501
072
114
026
803
690
043
326
265
066
285
568
856
881
002
459
122
461
293
839
344
299
369
494
500
057
620
840
355
335
465
007
871
436
414
476
532
761
781
180
367
988
035
379
730
743
697
715
804
114
358
297
880
603
696
262
523
107
448
196
546
944
994
820
398
907
726
329
104
872
707
642
680
084
363
811
354
456
302
940
562
310
716
888
470
028
396
772
664
810
063
966
569
190
751
825
833
840
072
957
817
524
611
739
361
418
676
895
423
488
493
055
032
334
183
360
993
364
957
078
400
604
268
535
762
333
192
237
388
452
139
899
218
240
351
225
573
305
733
581
465
740
563
312
476
517
067
410
950
449
765
150
473
186
040
215
600
802
894
999
605
073
925
699
340
838
269
227
752
947
298
624
236
311
388
303
556
098
494
670
365
421
040
938
864
356
521
142
062
476
389
232
360
177
730
744
772
184
058
672
235
226
298
241
517
521
605
987
523
988
677
331
903
843
383
864
105
035
598
584
129
235
028
320
390
982
708
877
575
933
457
987
348
566
871
362
613
230
126
222
619
417
891
924
582
679
933
384
365
278
652
798
793
226
423
435
001
478
763
225
369
685
952
711
464
846
132
112
822
035
523
199
619
729
399
719
727
498
069
914
127
355
793
355
793
950
483
795
035
350
117
768
755
616
165
555
372
124
550
373
958
980
324
814
494
794
973
182
326
742
840
389
572
572
761
991
872
372
530
360
601
736
359
815
921
921
693
313
079
957
238
268
704
721
315
363
554
705
740
030
796
987
801
360
944
361
976
746
528
810
760
388
125
422
119
768
217
746
945
664
570
758
109
833
393
015
007
579
491
182
671
010
013
015
412
234
538
266
166
001
960
029
635
850
694
885
944
423
881
395
830
156
068
910
303
826
868
324
983
118
204
653
920
863
886
521
398
508
335
263
312
097
531
563
359
533
566
028
273
262
353
704
218
194
173
176
273
938
965
213
540
522
229
389
985
279
894
553
915
629
585
925
014
270
334
451
385
903
672
741
749
868
231
904
459
878
239
451
481
087
342
175
083
728
625
841
749
355
897
562
913
097
413
079
936
965
799
079
496
268
490
843
506
625
711
600
046
199
046
199
687
491
507
430
488
231
413
044
098
150
682
660
201
893
659
970
869
731
367
043
201
077
803
622
412
804
060
060
400
043
811
912
231
927
637
408
846
164
774
450
375
422
174
267
840
672
093
006
931
677
121
277
491
180
213
368
765
368
765
524
060
216
818
151
705
138
536
561
411
082
639
879
962
243
976
858
778
092
111
159
005
751
379
579
777
330
910
842
632
997
364
129
383
243
094
087
271
964
777
198
528
843
951
550
458
476
154
298
915
459
120
991
714
690
419
085
932
542
152
590
072
070
079
402
883
966
314
496
564
188
554
403
706
627
079
537
113
634
361
080
355
871
348
320
009
490
205
359
358
796
045
374
856
965
161
916
149
226
595
880
603
661
168
244
877
643
870
545
758
926
415
764
800
956
653
752
280
681
808
186
748
099
257
076
787
538
911
046
968
270
675
869
868
760
141
273
990
021
061
505
724
229
042
365
723
630
175
460
350
099
140
355
497
653
868
692
889
509
112
536
305
136
614
441
947
962
181
336
237
252
952
378
376
315
464
883
305
149
230
439
379
240
815
250
032
061
842
566
614
743
610
603
627
334
529
358
450
351
443
746
702
223
291
487
775
921
050
958
833
200
085
507
323
719
321
315
316
378
969
618
330
579
938
611
758
465
904
438
494
395
821
180
338
335
042
710
680
430
108
513
099
917
258
184
121
949
810
439
095
413
225
956
037
808
490
599
407
927
940
425
957
633
217
459
044
120
494
420
177
335
122
717
306
030
065
071
389
054
446
793
720
895
998
795
198
867
569
167
488
794
978
090
908
411
847
920
023
652
873
325
845
817
913
300
653
010
960
845
781
851
660
553
598
137
992
405
112
079
235
042
381
778
944
229
743
547
188
096
844
395
788
041
592
482
473
084
794
189
503
550
318
327
197
946
103
826
149
031
110
483
348
442
954
697
710
582
150
141
527
856
248
654
522
541
390
019
547
649
441
179
142
125
494
136
579
002
102
973
026
307
089
716
118
797
895
909
335
601
139
987
775
382
737
050
205
939
154
284
775
816
009
304
495
227
725
599
025
536
025
536
462
205
135
491
390
878
904
362
261
191
002
220
138
106
610
878
672
482
086
081
014
736
055
742
804
109
489
108
428
108
428
199
653
150
352
509
410
163
650
224
840
344
840
344
766
259
176
166
007
611
241
038
708
483
253
350
726
479
807
805
901
960
671
286
858
417
894
866
394
374
177
076
937
811
639
886
786
559
809
503
309
274
715
361
232
875
211
003
671
239
998
662
282
622
056
988
973
418